Genuine rejected (FRR)
10	16	10	8	1	0.989009
10	17	10	8	1	0.987113
10	18	10	3	1	0.986298
10	18	10	5	1	0.986735
10	18	10	8	1	0.991494
20	19	20	3	1	0.987473
59	13	59	5	1	0.986573
59	13	59	7	1	0.988389
60	11	60	1	1	0.995222
60	11	60	6	1	0.98925
60	12	60	1	1	0.99078
60	12	60	6	1	0.987097
60	13	60	1	1	0.99297
60	13	60	4	1	0.989171
60	13	60	5	1	0.991552
60	13	60	6	1	0.987679
60	14	60	1	1	0.988395
60	15	60	4	1	0.992004
60	15	60	5	1	0.988657
60	15	60	6	1	0.993757
60	16	60	4	1	0.987729
60	16	60	5	1	0.993964
60	16	60	6	1	0.992417
60	17	60	4	1	0.991512
60	17	60	5	1	0.987575
60	17	60	6	1	0.992773
60	18	60	1	1	0.998572
60	18	60	3	1	0.987512
60	18	60	4	1	1
60	18	60	5	1	0.998592
60	18	60	6	1	0.998592
60	18	60	7	1	0.99383
60	18	60	8	1	0.995486
60	18	60	9	1	0.991156
60	18	60	10	1	0.988611
60	19	60	4	1	0.995236
60	19	60	6	1	0.992253
60	20	60	1	1	0.98786
60	20	60	4	1	0.996807
60	20	60	5	1	0.989963
60	20	60	6	1	0.991568
65	14	65	8	1	0.986979
65	15	65	8	1	0.994578
65	18	65	3	1	0.991972
65	18	65	4	1	0.98752
65	18	65	6	1	0.990278
65	18	65	7	1	0.998387
65	18	65	10	1	0.990583
69	11	69	1	1	0.994908
69	11	69	2	1	0.988451
69	11	69	3	1	0.986673
69	12	69	3	1	0.996179
69	12	69	4	1	0.988737
69	12	69	5	1	0.990281
69	12	69	7	1	0.988205
69	12	69	9	1	0.992793
69	12	69	10	1	0.988239
69	14	69	3	1	0.991241
69	14	69	5	1	0.991127
69	14	69	7	1	0.99062
69	14	69	10	1	0.987705
69	15	69	8	1	0.991192
69	15	69	10	1	0.98876
69	17	69	5	1	0.988683
69	17	69	7	1	0.988489
69	18	69	3	1	0.99469
69	18	69	5	1	0.994575
69	18	69	6	1	0.987325
69	18	69	7	1	0.986276
69	19	69	6	1	0.98648
69	20	69	3	1	0.986739
69	20	69	7	1	0.987653
69	20	69	10	1	0.994144
70	20	70	4	1	0.986661
70	20	70	5	1	0.989881
71	19	71	1	1	0.992963
71	20	71	7	1	0.986745
85	16	85	5	1	0.993548
85	17	85	5	1	0.988385
85	20	85	5	1	0.989468
96	11	96	1	1	0.986365
96	12	96	9	1	0.987042
96	13	96	2	1	0.994972
96	15	96	3	1	0.994438
96	15	96	6	1	0.989192
96	15	96	7	1	0.992557
96	15	96	8	1	0.993126
96	15	96	10	1	0.987298
96	18	96	3	1	0.98644
96	18	96	7	1	0.994535
96	18	96	8	1	0.990093
96	19	96	8	1	0.986335
96	19	96	9	1	0.986304
97	13	97	1	1	0.989064
97	20	97	8	1	0.986129
102	16	102	4	1	0.986211
103	14	103	4	1	0.988455
103	14	103	5	1	0.993475
103	20	103	5	1	0.98801
104	14	104	8	1	0.99002
104	15	104	8	1	0.988681
104	17	104	4	1	0.988477
104	17	104	8	1	0.990239
105	11	105	2	1	0.992245
105	12	105	5	1	0.991488
105	12	105	6	1	0.988756
105	12	105	7	1	0.991808
105	12	105	9	1	0.992432
105	12	105	10	1	0.986255
105	14	105	6	1	0.986188
105	14	105	7	1	0.988498
105	14	105	9	1	0.987392
105	14	105	10	1	0.994603
105	15	105	5	1	0.988285
105	15	105	6	1	0.987022
105	15	105	7	1	0.99303
105	15	105	8	1	0.988973
105	15	105	9	1	0.988428
105	15	105	10	1	0.990239
105	17	105	7	1	0.988453
105	18	105	7	1	0.98981
105	18	105	10	1	0.993985
105	19	105	6	1	0.99014
105	19	105	7	1	0.997026
105	19	105	8	1	0.986812
105	19	105	9	1	0.993487
105	19	105	10	1	1
105	20	105	5	1	0.986489
105	20	105	6	1	0.994596
105	20	105	7	1	0.988106
105	20	105	9	1	0.991109
105	20	105	10	1	0.990096
106	11	106	1	1	0.988807
106	12	106	3	1	0.987915
106	12	106	5	1	0.991358
106	12	106	7	1	0.992639
106	12	106	8	1	0.99126
106	12	106	10	1	0.987352
106	14	106	3	1	0.991788
106	14	106	4	1	0.991646
106	14	106	6	1	0.990323
106	14	106	7	1	0.992253
106	14	106	8	1	0.991691
106	14	106	10	1	0.987129
106	15	106	8	1	0.987876
106	16	106	3	1	0.990334
106	17	106	3	1	0.994321
106	17	106	7	1	0.989789
106	18	106	3	1	0.989166
106	19	106	3	1	0.99148
106	20	106	4	1	0.986181
106	20	106	5	1	0.988059
106	20	106	9	1	0.989469
112	15	112	7	1	0.990907
116	14	116	8	1	0.987563
116	15	116	8	1	0.99254
116	19	116	8	1	0.989798
117	11	117	2	1	0.987239
117	12	117	7	1	0.988534
117	12	117	8	1	0.988032
117	14	117	3	1	0.987342
117	14	117	7	1	0.987997
117	14	117	8	1	0.996866
117	14	117	10	1	0.994446
117	15	117	8	1	0.987449
117	15	117	9	1	0.991331
117	15	117	10	1	0.987934
117	16	117	8	1	0.987717
117	16	117	9	1	0.990213
117	16	117	10	1	0.989128
117	17	117	5	1	0.98814
117	17	117	6	1	0.987696
117	17	117	7	1	0.990207
117	17	117	8	1	0.986689
117	18	117	3	1	0.993849
117	18	117	4	1	0.994303
117	18	117	5	1	0.992524
117	18	117	6	1	0.986967
117	18	117	7	1	0.991541
117	18	117	8	1	0.992481
117	18	117	9	1	0.98922
117	19	117	3	1	1
117	19	117	4	1	0.996358
117	19	117	5	1	1
117	19	117	6	1	0.99545
117	19	117	7	1	0.998462
117	19	117	8	1	0.993122
117	19	117	9	1	0.992397
117	19	117	10	1	0.997794
117	20	117	3	1	0.987508
117	20	117	5	1	0.986195
117	20	117	8	1	0.989303
118	11	118	1	1	0.99397
118	11	118	2	1	1
118	12	118	2	1	0.997521
118	12	118	3	1	0.998246
118	12	118	4	1	1
118	12	118	5	1	1
118	12	118	6	1	0.998726
118	12	118	7	1	1
118	12	118	8	1	1
118	12	118	9	1	0.998636
118	12	118	10	1	1
118	13	118	1	1	0.993651
118	13	118	2	1	1
118	14	118	2	1	0.993688
118	14	118	3	1	0.995688
118	14	118	4	1	1
118	14	118	5	1	0.998604
118	14	118	6	1	1
118	14	118	7	1	1
118	14	118	8	1	1
118	14	118	9	1	1
118	14	118	10	1	0.99823
118	15	118	2	1	0.995714
118	15	118	3	1	1
118	15	118	4	1	1
118	15	118	5	1	1
118	15	118	6	1	1
118	15	118	7	1	1
118	15	118	8	1	1
118	15	118	9	1	1
118	15	118	10	1	1
118	16	118	2	1	0.9872
118	16	118	3	1	1
118	16	118	4	1	1
118	16	118	5	1	1
118	16	118	6	1	0.99845
118	16	118	7	1	1
118	16	118	8	1	1
118	16	118	9	1	1
118	16	118	10	1	1
118	17	118	4	1	0.995531
118	17	118	5	1	0.998604
118	17	118	6	1	0.991226
118	17	118	7	1	0.996939
118	17	118	8	1	0.998537
118	17	118	9	1	0.997409
118	17	118	10	1	0.995518
118	18	118	2	1	0.986848
118	18	118	3	1	0.991951
118	18	118	4	1	0.997248
118	18	118	5	1	1
118	18	118	6	1	0.997337
118	18	118	7	1	0.996939
118	18	118	8	1	1
118	18	118	9	1	0.997273
118	18	118	10	1	0.997938
118	19	118	3	1	0.992
118	19	118	4	1	0.991872
118	19	118	5	1	1
118	19	118	6	1	0.997222
118	19	118	7	1	0.995408
118	19	118	8	1	0.997073
118	19	118	9	1	0.998636
118	19	118	10	1	0.998039
118	20	118	3	1	0.993405
118	20	118	4	1	0.998624
118	20	118	5	1	1
118	20	118	6	1	1
118	20	118	7	1	0.997109
118	20	118	8	1	0.998537
118	20	118	9	1	0.99534
118	20	118	10	1	1
120	12	120	4	1	0.991913
127	11	127	2	1	0.987081
127	12	127	10	1	0.988388
127	13	127	2	1	0.989904
127	14	127	10	1	0.989469
127	15	127	2	1	0.989082
127	17	127	2	1	0.98836
127	19	127	3	1	0.991127
127	19	127	4	1	0.99179
127	19	127	5	1	0.994624
127	19	127	6	1	0.991418
127	19	127	7	1	0.995068
127	19	127	8	1	0.998507
127	19	127	9	1	0.997106
128	11	128	2	1	0.991783
128	13	128	2	1	0.993115
128	17	128	9	1	0.98837
128	19	128	6	1	0.986608
128	20	128	10	1	0.991393
131	11	131	1	1	1
131	12	131	3	1	0.998485
131	13	131	2	1	0.992079
131	14	131	4	1	0.998113
131	14	131	5	1	1
131	14	131	6	1	1
131	14	131	7	1	1
131	14	131	8	1	1
131	14	131	10	1	1
131	15	131	2	1	0.998649
131	15	131	3	1	1
131	15	131	9	1	1
131	16	131	2	1	0.998734
131	16	131	3	1	1
131	17	131	3	1	0.992595
131	18	131	1	1	0.992607
131	18	131	3	1	0.991614
131	18	131	7	1	0.991977
131	18	131	10	1	0.989268
131	19	131	3	1	0.997619
131	19	131	9	1	0.994952
131	20	131	3	1	0.995466
132	15	132	3	1	0.990747
132	15	132	9	1	0.987872
137	12	137	4	1	0.990241
137	12	137	6	1	0.988714
137	15	137	4	1	0.991188
137	15	137	5	1	0.991161
137	15	137	6	1	0.986464
137	15	137	8	1	0.986272
137	18	137	2	1	0.986091
137	18	137	5	1	0.991478
137	20	137	4	1	0.987968
138	11	138	2	1	0.995153
138	12	138	3	1	0.986825
138	12	138	4	1	0.988708
138	12	138	6	1	0.988725
138	12	138	7	1	0.988976
138	12	138	8	1	0.986875
138	13	138	1	1	0.988089
138	14	138	3	1	0.994656
138	14	138	4	1	0.992153
138	14	138	5	1	0.987225
138	14	138	6	1	0.995761
138	14	138	7	1	0.990683
138	14	138	8	1	0.988658
138	14	138	10	1	0.989133
138	15	138	3	1	0.993273
138	15	138	4	1	0.991039
138	15	138	6	1	0.992261
138	15	138	8	1	0.988459
138	15	138	10	1	0.991197
138	16	138	3	1	0.989478
138	16	138	4	1	0.986972
138	16	138	5	1	0.991586
138	16	138	6	1	0.99328
138	16	138	7	1	0.995228
138	16	138	8	1	0.996762
138	17	138	3	1	0.993532
138	17	138	4	1	0.993277
138	17	138	5	1	0.991719
138	17	138	6	1	0.988886
138	17	138	7	1	0.996858
138	17	138	8	1	0.991559
138	17	138	9	1	0.991543
138	17	138	10	1	0.988122
138	18	138	3	1	0.987721
138	18	138	4	1	0.99257
138	18	138	5	1	0.995071
138	18	138	6	1	0.992855
138	18	138	7	1	0.99149
138	18	138	8	1	0.991622
138	18	138	9	1	0.992429
138	18	138	10	1	0.994545
138	19	138	3	1	0.986788
138	19	138	4	1	0.988798
138	19	138	5	1	0.994235
138	19	138	6	1	0.991652
138	19	138	7	1	0.993849
138	19	138	8	1	0.993621
138	19	138	9	1	0.988453
138	20	138	3	1	0.989417
138	20	138	4	1	0.997174
138	20	138	5	1	0.995398
138	20	138	6	1	0.998551
138	20	138	7	1	0.992052
138	20	138	8	1	0.992438
138	20	138	9	1	0.996227
138	20	138	10	1	0.988758
142	11	142	1	1	0.989025
142	20	142	9	1	0.987017
143	13	143	8	1	0.988459
156	15	156	3	1	0.996689
156	15	156	4	1	0.996344
156	15	156	6	1	0.99325
156	15	156	7	1	0.994076
156	15	156	8	1	0.995288
156	15	156	9	1	0.995815
156	15	156	10	1	0.987668
156	19	156	7	1	0.989704
168	11	168	2	1	0.987742
168	13	168	3	1	0.987983
168	13	168	4	1	0.991168
168	13	168	7	1	0.992715
168	17	168	4	1	0.992844
171	11	171	2	1	0.992287
176	13	176	1	1	0.986074
176	13	176	2	1	0.98937
181	16	181	10	1	0.986142
189	14	189	2	1	0.989949
193	18	193	5	1	0.990431
193	18	193	6	1	0.990494
193	18	193	9	1	0.986766
193	19	193	6	1	0.990997
193	19	193	7	1	0.992915
193	19	193	8	1	0.988328
197	14	197	8	1	0.993094
198	15	198	1	1	0.987246
198	15	198	3	1	0.990524
198	15	198	4	1	0.986907
198	15	198	5	1	0.986417
198	15	198	6	1	0.989962
206	11	206	2	1	0.987839
206	13	206	2	1	0.988017
206	14	206	7	1	0.989686
206	17	206	7	1	0.989802
206	19	206	7	1	0.989556
206	19	206	9	1	0.988135
206	20	206	7	1	0.994436
207	11	207	2	1	0.986288
207	13	207	2	1	0.989402
207	14	207	2	1	0.991378
207	16	207	2	1	0.9914
207	18	207	2	1	0.997289
207	18	207	3	1	0.989897
207	18	207	4	1	0.99722
207	18	207	5	1	0.986277
207	18	207	10	1	0.988112
216	13	216	1	1	0.98625
233	17	233	4	1	0.987174
234	15	234	6	1	0.986408
234	19	234	4	1	0.990591
234	19	234	7	1	0.992754
246	19	246	8	1	0.986763
246	20	246	3	1	0.995531
249	12	249	6	1	0.989841
249	20	249	1	1	0.986368
252	20	252	3	1	0.987343
255	12	255	10	1	0.988074
255	14	255	10	1	0.989973
255	15	255	10	1	0.986188
255	20	255	10	1	0.987342
258	12	258	3	1	0.987909
258	12	258	4	1	0.993685
258	12	258	7	1	0.990909
258	12	258	9	1	0.988278
258	14	258	2	1	0.992791
258	14	258	5	1	0.986073
258	14	258	6	1	0.986739
258	14	258	9	1	0.990448
258	15	258	3	1	0.99561
258	15	258	4	1	0.998193
258	15	258	6	1	0.992834
258	15	258	7	1	0.996375
258	15	258	9	1	0.987343
258	16	258	3	1	0.986869
258	16	258	4	1	0.989054
258	16	258	5	1	0.992999
258	16	258	6	1	0.996741
258	16	258	9	1	0.993485
258	16	258	10	1	0.994522
258	17	258	5	1	0.993898
258	17	258	6	1	0.989675
258	17	258	8	1	0.99387
258	17	258	9	1	0.997011
258	17	258	10	1	0.996456
258	18	258	6	1	0.988528
258	18	258	7	1	0.986472
258	18	258	8	1	0.993512
258	18	258	9	1	0.997062
258	18	258	10	1	0.993574
258	19	258	5	1	0.994037
258	19	258	6	1	0.995204
258	19	258	8	1	0.998693
258	19	258	9	1	1
258	19	258	10	1	0.991198
258	20	258	5	1	0.991137
258	20	258	6	1	0.98997
258	20	258	8	1	0.995935
258	20	258	9	1	0.99845
258	20	258	10	1	0.988798
259	11	259	1	1	0.998693
259	11	259	2	1	0.996407
259	12	259	9	1	0.994438
259	13	259	1	1	0.998182
259	13	259	2	1	1
259	14	259	8	1	0.988443
259	14	259	9	1	0.992339
259	14	259	10	1	0.991183
259	15	259	8	1	0.991565
259	15	259	9	1	0.990843
259	15	259	10	1	0.996841
259	16	259	3	1	0.991883
259	16	259	4	1	0.99553
259	16	259	7	1	0.991553
259	16	259	8	1	0.99409
259	16	259	9	1	0.995519
259	16	259	10	1	0.992721
259	17	259	3	1	0.99183
259	17	259	4	1	0.991899
259	17	259	7	1	0.990932
259	17	259	8	1	0.993213
259	17	259	9	1	1
259	17	259	10	1	0.998684
259	18	259	3	1	0.992513
259	18	259	4	1	0.995417
259	18	259	7	1	0.995733
259	18	259	8	1	0.991536
259	18	259	9	1	0.995577
259	18	259	10	1	0.994383
259	19	259	7	1	0.989948
259	19	259	9	1	0.99707
259	19	259	10	1	0.990729
259	20	259	7	1	0.987046
259	20	259	8	1	0.991367
259	20	259	9	1	1
259	20	259	10	1	0.992118
267	17	267	2	1	0.989204
267	17	267	3	1	0.993179
267	17	267	4	1	0.991848
267	17	267	5	1	0.995541
267	17	267	6	1	0.993644
267	17	267	7	1	0.996531
267	17	267	10	1	0.990863
271	20	271	3	1	0.98618
272	12	272	2	1	1
272	12	272	3	1	0.998515
272	12	272	4	1	0.993636
272	12	272	5	1	0.998643
272	12	272	6	1	0.996842
272	12	272	7	1	1
272	12	272	8	1	0.997015
272	12	272	9	1	0.998305
272	12	272	10	1	0.998305
272	13	272	1	1	0.995511
272	17	272	1	1	0.989156
272	19	272	1	1	0.987672
273	11	273	2	1	0.993472
273	13	273	2	1	0.992389
273	17	273	5	1	0.986449
273	19	273	4	1	0.99356
273	19	273	5	1	0.990014
273	19	273	6	1	0.99672
273	19	273	8	1	0.988027
273	20	273	1	1	0.991524
273	20	273	3	1	0.998515
273	20	273	4	1	0.998582
273	20	273	5	1	1
273	20	273	6	1	0.993681
273	20	273	7	1	0.991299
273	20	273	8	1	0.993416
273	20	273	9	1	0.991592
273	20	273	10	1	0.990617
290	13	290	1	1	0.997106
290	13	290	2	1	0.989412
290	13	290	3	1	0.987914
290	13	290	4	1	0.991886
290	13	290	5	1	0.990951
290	13	290	7	1	0.995488
290	13	290	8	1	0.995916
290	13	290	10	1	0.992498
291	18	291	1	1	0.987831
291	18	291	2	1	0.992208
291	18	291	3	1	0.986951
291	18	291	4	1	0.993512
291	18	291	5	1	0.992657
291	18	291	6	1	0.995624
291	18	291	7	1	0.992236
291	18	291	9	1	0.988873
291	18	291	10	1	0.994409
314	12	314	7	1	0.991006
314	12	314	9	1	0.989089
314	20	314	5	1	0.986578
315	12	315	6	1	0.987392
315	12	315	9	1	0.987709
315	12	315	10	1	0.987276
315	14	315	9	1	0.990218
315	14	315	10	1	0.986611
315	18	315	6	1	0.989288
315	18	315	10	1	0.991507
315	19	315	6	1	0.987481
321	12	321	3	1	0.995284
321	12	321	6	1	0.990638
321	14	321	3	1	0.998343
321	14	321	4	1	0.991141
321	14	321	6	1	0.989231
321	14	321	7	1	0.988006
321	14	321	8	1	0.998477
321	14	321	9	1	0.989631
321	15	321	3	1	0.993575
321	15	321	8	1	0.987386
329	16	329	6	1	0.987512
329	20	329	6	1	0.991424
331	17	331	2	1	0.991325
331	17	331	3	1	0.997073
331	17	331	4	1	0.997143
331	17	331	5	1	0.997129
331	17	331	6	1	0.994425
331	17	331	7	1	0.997322
331	17	331	8	1	0.992877
331	17	331	9	1	0.995332
331	17	331	10	1	0.997222
336	12	336	1	1	0.987001
336	16	336	8	1	0.994754
336	17	336	8	1	0.995049
336	19	336	8	1	0.988559
337	12	337	7	1	0.990698
339	20	339	5	1	0.987574
347	15	347	10	1	0.98799
347	16	347	10	1	0.987597
357	15	357	3	1	0.989535
357	15	357	4	1	0.990508
357	15	357	7	1	0.987366
358	11	358	1	1	0.997279
358	11	358	2	1	0.99325
358	11	358	3	1	0.993713
358	11	358	4	1	0.98941
358	11	358	8	1	0.986121
358	11	358	10	1	0.991365
358	12	358	3	1	0.993279
358	12	358	4	1	0.992749
358	12	358	5	1	0.98621
358	12	358	8	1	0.988484
358	12	358	9	1	0.9922
358	12	358	10	1	0.989834
358	14	358	3	1	0.989214
358	14	358	4	1	0.990231
358	14	358	9	1	0.990617
358	14	358	10	1	0.990183
358	15	358	3	1	0.986649
358	15	358	5	1	0.99043
358	15	358	9	1	0.989051
358	16	358	4	1	0.992475
358	16	358	5	1	0.988068
358	16	358	6	1	0.993358
358	16	358	9	1	0.990772
358	17	358	3	1	0.989837
358	17	358	9	1	0.99328
358	17	358	10	1	0.986184
358	18	358	9	1	0.986349
358	19	358	3	1	0.996452
358	19	358	4	1	0.987349
358	19	358	5	1	0.993987
358	19	358	6	1	0.995324
358	19	358	7	1	0.993936
358	19	358	8	1	0.993121
358	19	358	9	1	0.994237
358	19	358	10	1	0.996896
358	20	358	3	1	0.992573
358	20	358	4	1	0.993023
358	20	358	5	1	0.990954
358	20	358	6	1	0.994039
358	20	358	7	1	0.988537
358	20	358	8	1	0.995082
358	20	358	9	1	0.991907
358	20	358	10	1	0.994482
365	19	365	9	1	0.987698
365	19	365	10	1	0.989443
365	20	365	9	1	0.992606
365	20	365	10	1	0.989873
382	18	382	3	1	0.988153
397	11	397	3	1	0.986262
397	16	397	3	1	0.988909
397	16	397	8	1	0.987558
397	16	397	9	1	0.99299
397	17	397	3	1	0.995739
397	17	397	4	1	0.991355
397	17	397	6	1	0.991978
397	17	397	8	1	0.992698
397	17	397	9	1	0.996605
397	18	397	3	1	0.991761
397	18	397	4	1	1
397	18	397	5	1	0.993989
397	18	397	6	1	0.993217
397	18	397	7	1	0.997372
397	18	397	8	1	0.997043
397	18	397	9	1	0.993416
397	19	397	3	1	0.989039
400	17	400	3	1	0.989363
404	12	404	3	1	0.998572
404	12	404	4	1	0.992821
404	12	404	5	1	0.995931
404	12	404	6	1	0.99878
404	12	404	8	1	0.995847
404	12	404	9	1	0.990233
404	12	404	10	1	0.993801
404	14	404	3	1	0.995155
404	14	404	4	1	0.995106
404	14	404	5	1	1
404	14	404	6	1	0.998572
404	14	404	7	1	0.996676
404	14	404	8	1	0.995283
404	14	404	9	1	0.992231
404	14	404	10	1	0.987441
404	15	404	3	1	0.994957
404	15	404	4	1	0.994645
404	15	404	5	1	0.996739
404	15	404	6	1	0.998171
404	15	404	7	1	0.996676
404	15	404	8	1	0.9896
404	15	404	9	1	0.993609
404	15	404	10	1	0.990049
404	17	404	4	1	0.986436
404	17	404	5	1	0.987003
408	12	408	8	1	0.98833
408	12	408	9	1	0.991127
408	14	408	8	1	0.991343
408	14	408	10	1	0.990155
408	15	408	8	1	0.993262
408	15	408	9	1	0.989577
408	16	408	8	1	0.993159
408	16	408	9	1	0.990034
408	17	408	8	1	0.991024
408	17	408	9	1	0.987117
408	18	408	8	1	0.989854
408	18	408	9	1	0.9915
408	19	408	9	1	0.99149
408	20	408	8	1	0.992249
408	20	408	9	1	0.992488
423	18	423	4	1	0.986303
423	20	423	4	1	0.987202
436	11	436	2	1	0.988903
436	19	436	10	1	0.987616
436	20	436	1	1	0.986895
447	13	447	1	1	0.986602
447	18	447	3	1	0.990524
447	18	447	8	1	0.992344
452	14	452	7	1	0.998343
461	11	461	2	1	0.987604
461	11	461	3	1	0.99026
461	11	461	8	1	0.987956
461	11	461	9	1	0.986381
461	15	461	7	1	0.989441
462	12	462	3	1	0.992855
462	12	462	5	1	0.98913
462	16	462	3	1	0.986911
462	16	462	5	1	0.988132
462	16	462	10	1	0.988824
462	17	462	5	1	0.9966
462	18	462	3	1	0.992294
462	18	462	5	1	0.995372
462	19	462	3	1	0.993954
462	19	462	5	1	0.994531
462	20	462	3	1	0.988792
462	20	462	5	1	0.988931
467	11	467	4	1	0.993017
471	17	471	10	1	0.98754
472	16	472	10	1	0.993237
485	12	485	5	1	0.986705
485	14	485	3	1	0.989244
485	14	485	5	1	0.996227
485	14	485	8	1	0.986335
485	14	485	9	1	0.990948
485	14	485	10	1	0.987042
485	18	485	5	1	0.98915
485	19	485	5	1	0.98754
496	14	496	4	1	0.987078
496	15	496	1	1	0.991466
496	15	496	4	1	0.99443
496	15	496	5	1	0.98982
496	15	496	6	1	0.98902
496	15	496	7	1	0.986754
496	15	496	8	1	0.992046
496	15	496	9	1	0.990375
496	16	496	1	1	0.998473
496	16	496	4	1	0.998387
496	16	496	5	1	0.993043
496	16	496	7	1	0.989034
496	17	496	4	1	0.992825
496	17	496	6	1	0.992947
496	17	496	7	1	0.986577
496	17	496	9	1	0.991463
496	18	496	1	1	0.996202
496	18	496	3	1	0.986226
496	18	496	4	1	0.992621
496	18	496	5	1	0.986145
496	18	496	8	1	0.990802
496	18	496	9	1	0.992803
496	18	496	10	1	0.989004
497	12	497	9	1	0.986945
497	15	497	8	1	0.991783
497	16	497	9	1	0.988361
497	17	497	3	1	0.986192
497	17	497	9	1	0.986617
497	17	497	10	1	0.98697
497	18	497	4	1	0.989253
497	18	497	8	1	0.988377
498	12	498	3	1	0.986197
498	12	498	8	1	0.987144
498	18	498	3	1	0.990975
498	19	498	3	1	0.995625
498	19	498	7	1	0.987001
498	19	498	8	1	0.990887
498	20	498	3	1	0.993207
508	12	508	4	1	0.986447
508	12	508	10	1	0.9865
508	14	508	3	1	0.990619
508	14	508	4	1	0.993478
508	14	508	5	1	0.989484
508	14	508	8	1	0.99464
508	14	508	10	1	0.992545
508	19	508	4	1	0.993991
522	18	522	3	1	0.987352
524	12	524	7	1	0.990373
524	12	524	10	1	0.987219
532	12	532	3	1	0.987494
532	14	532	3	1	0.98657
532	15	532	3	1	0.995436
532	15	532	4	1	0.987688
532	15	532	7	1	0.995217
532	15	532	8	1	0.987858
532	15	532	9	1	0.990364
532	15	532	10	1	0.989021
532	16	532	3	1	0.986567
532	16	532	10	1	0.988947
532	17	532	3	1	0.988714
532	17	532	7	1	0.989515
532	17	532	8	1	0.988736
532	17	532	9	1	0.989092
538	14	538	4	1	0.98682
538	14	538	5	1	0.990293
538	14	538	6	1	0.986988
538	15	538	6	1	0.987309
538	16	538	4	1	0.989458
538	16	538	5	1	0.995434
538	16	538	6	1	1
538	16	538	7	1	0.99552
538	16	538	9	1	0.990674
538	19	538	3	1	0.990619
538	19	538	4	1	0.994253
538	20	538	3	1	0.989683
538	20	538	4	1	0.992087
556	11	556	1	1	0.98892
556	13	556	1	1	0.996479
556	19	556	3	1	0.99264
556	19	556	4	1	0.997727
556	19	556	5	1	0.996686
556	19	556	6	1	0.989037
556	19	556	7	1	0.998592
556	19	556	9	1	0.996319
556	19	556	10	1	0.99893
556	20	556	10	1	0.994085
557	14	557	4	1	0.992161
557	14	557	10	1	0.986227
557	15	557	4	1	0.991882
561	11	561	2	1	0.994252
561	11	561	3	1	0.990374
561	11	561	6	1	0.993995
561	11	561	7	1	0.994218
561	13	561	9	1	0.99181
575	20	575	4	1	0.993026
594	12	594	5	1	0.987168
594	13	594	5	1	0.987129
594	16	594	3	1	0.989167
594	17	594	3	1	0.988689
594	19	594	3	1	0.991147
594	20	594	5	1	0.990963
595	12	595	7	1	0.991735
595	14	595	7	1	0.987112
595	15	595	10	1	0.995504
595	17	595	7	1	0.987012
595	17	595	8	1	0.987522
595	17	595	10	1	0.9886
595	18	595	4	1	0.987139
595	18	595	7	1	0.992061
595	19	595	5	1	0.98772
595	19	595	6	1	0.988507
595	19	595	7	1	0.994964
595	19	595	10	1	0.987353
595	20	595	7	1	0.998101
595	20	595	10	1	0.996896
597	12	597	10	1	0.99205
597	17	597	5	1	0.991343
600	11	600	2	1	0.987767
600	15	600	10	1	0.992788
600	16	600	3	1	0.990555
600	16	600	10	1	0.996886
600	17	600	3	1	0.987779
600	17	600	10	1	0.986103
600	18	600	3	1	0.986085
600	18	600	10	1	0.990969
600	19	600	3	1	0.989624
600	20	600	3	1	0.997128
600	20	600	10	1	0.991148
621	18	621	10	1	0.988565
621	20	621	10	1	0.997248
623	17	623	9	1	0.988244
623	20	623	9	1	0.994735
624	11	624	5	1	0.986559
638	14	638	3	1	0.987102
638	15	638	3	1	0.987589
638	16	638	3	1	0.987112
638	20	638	3	1	0.988872
668	13	668	1	1	0.990108
668	14	668	6	1	0.98825
668	15	668	6	1	0.988148
668	19	668	6	1	0.987208
677	13	677	1	1	0.988706
677	14	677	8	1	0.988825
683	15	683	9	1	0.988978
688	12	688	7	1	0.986184
688	14	688	7	1	0.988259
693	11	693	2	1	0.99058
693	12	693	3	1	1
693	12	693	4	1	0.99612
693	12	693	5	1	0.998676
693	12	693	6	1	0.995981
693	12	693	8	1	0.99135
693	12	693	9	1	0.997463
693	13	693	1	1	0.987464
693	13	693	2	1	0.988196
693	14	693	3	1	0.99705
693	14	693	4	1	0.997097
693	14	693	9	1	1
693	15	693	3	1	0.998621
693	15	693	4	1	0.996129
693	15	693	5	1	0.994375
693	15	693	6	1	0.997026
693	15	693	8	1	0.996226
693	15	693	9	1	0.994892
693	15	693	10	1	0.993456
693	16	693	10	1	0.986577
693	17	693	3	1	0.997276
693	17	693	4	1	0.994542
693	17	693	5	1	0.998561
693	17	693	6	1	0.995296
693	17	693	8	1	0.986077
693	17	693	9	1	1
693	17	693	10	1	0.992336
693	18	693	3	1	0.991188
693	18	693	4	1	0.997419
693	18	693	5	1	0.991294
693	18	693	9	1	0.992534
693	19	693	5	1	0.990747
693	20	693	9	1	0.996364
699	11	699	1	1	0.99678
699	12	699	9	1	0.989953
699	12	699	10	1	0.987703
699	13	699	1	1	0.993905
701	18	701	2	1	0.987492
706	12	706	7	1	0.988704
706	14	706	7	1	0.986298
706	19	706	7	1	0.993946
707	12	707	3	1	0.990516
707	12	707	6	1	0.989119
707	12	707	8	1	0.989787
707	12	707	9	1	0.986278
707	12	707	10	1	0.993714
712	13	712	7	1	0.986336
712	16	712	7	1	0.988689
713	12	713	2	1	0.995798
713	12	713	3	1	0.9934
713	12	713	4	1	0.996347
713	12	713	5	1	0.992802
713	12	713	6	1	0.993382
713	12	713	7	1	0.987838
713	12	713	8	1	0.994152
713	12	713	9	1	0.995701
713	14	713	1	1	0.992684
713	14	713	10	1	0.986456
718	12	718	5	1	0.993976
718	12	718	7	1	0.994522
718	12	718	8	1	0.996221
718	12	718	10	1	0.992718
718	18	718	8	1	0.989356
719	14	719	6	1	0.991081
719	15	719	6	1	0.991352
719	18	719	6	1	0.988528
719	20	719	6	1	0.989168
720	18	720	3	1	0.990001
726	12	726	6	1	0.995676
726	14	726	6	1	0.996963
726	15	726	6	1	0.988054
731	12	731	8	1	0.99007
731	15	731	8	1	0.990479
731	16	731	8	1	0.988516
731	17	731	8	1	0.99725
731	20	731	8	1	0.995344
734	20	734	3	1	0.993736
734	20	734	4	1	0.994239
734	20	734	5	1	0.994079
734	20	734	6	1	0.992233
734	20	734	7	1	0.992271
734	20	734	8	1	0.987372
734	20	734	9	1	0.989501
734	20	734	10	1	0.986938
741	12	741	6	1	0.987876
741	14	741	6	1	0.986915
741	17	741	6	1	0.988699
741	18	741	6	1	0.989115
742	16	742	7	1	0.988536
742	19	742	7	1	0.986528
748	19	748	4	1	0.988928
748	20	748	10	1	0.987643
749	12	749	3	1	0.989354
749	12	749	4	1	0.987552
749	12	749	7	1	0.989239
749	12	749	8	1	0.997036
749	12	749	9	1	0.993596
749	12	749	10	1	0.992072
749	14	749	8	1	0.990202
757	16	757	8	1	0.988239
761	17	761	4	1	0.988043
761	19	761	4	1	0.99126
761	20	761	4	1	0.988501
772	14	772	2	1	0.990052
772	18	772	1	1	0.996198
772	18	772	2	1	0.99014
772	18	772	3	1	0.986335
772	18	772	5	1	0.987109
772	18	772	8	1	0.987622
772	18	772	9	1	0.990936
772	18	772	10	1	0.986696
773	14	773	3	1	0.987084
773	14	773	9	1	0.992647
773	14	773	10	1	0.986262
773	15	773	3	1	0.991145
773	15	773	4	1	0.986641
773	15	773	7	1	0.987381
773	15	773	9	1	0.989432
773	15	773	10	1	0.988446
773	16	773	10	1	0.987351
773	18	773	10	1	0.986742
783	11	783	4	1	0.986184
783	13	783	4	1	0.991218
